[FEN "rnbakabnr/9/1c5c1/p1p1p1p1p/9/9/P1P1P1P1P/1C5C1/9/RNBAKABNR r - - 0 1"]
[version "13"]
[win "和棋"]
[type "全局"]
[title "挺兵对卒底炮"]
[event "93全国象棋锦标赛"]
[date "1993.4.27"]
[site "南京"]
[red "北京张强"]
[black "上海胡荣华"]
[opening ""]
[writer ""]
[author ""]

(1) +3242(1) +7172(1) +2724(1) +9274(1) +0726(1) +6252(1) +0120(1) +5242(1) +0807(1) +9888(1) +0001(1) +8883(1) +0314(1) +9384(1) +0747(1) +6656(1) +4742(1) +9776(1) +3646(1) +5646(1) +4246(1) +6050(1) +2123(1) +9170(1) +0171(1) +7655(1) +7161(1) +8343(1) +4645(1) +7776(1) +0628(1) +4353(1) +2464(1) +5352(1) +0224(1) +9091(1) +6191(1) +7091(1) +2647(1) +5547(1) +4547(1) +7292(1) +4746(1) +9272(1) +3040(1) +9183(1) +6465(1) +5255(1) +6567(1) +8364(1) +4641(1) +5040(1) +4140(1) +6452(1) +4090(1) +7292(1) +2032(1) +5554(1) +3444(1) +5244 