[FEN "5k3/9/9/9/9/9/4rp3/2R1C4/4K4/9 r - - 0 1"]
[version "18"]
[win "红胜"]
[type "残局"]
[title "第09局"]
[event ""]
[date ""]
[site ""]
[red ""]
[black ""]
[opening ""]
[writer ""]
[author ""]

{这是一局炮斗车卒的范例。对车炮的运用颇有启迪，可资借鉴。}(1) +2242(3) +3430(2) +3433(1) +3484(1) +2425{献炮叫将，伏车八平四白脸将成杀，是获胜的关键。}(1) +2427(1) +4244{红车占中是获胜的休着。黑不敢平车邀兑，否则，红车五平四胜。}(1) +4247(1) +3534(1) +3034{将军。}(1) +9585(1) +8486(1) +4245(1) +2724{叫杀。}(1) +2425(1) +4797{红方升车再打将，使黑方车卒失去有机联系，是获胜的重要环节。}(1) +9594(1) +3430(1) +3534(1) +9585(1) +4544(2) +2427{“二打对一打”，红方不变作负。} +2526(1) +9737(3) +9495(1) +9493(1) +8595(1) +3536(1) +8636(1) +3525(1) +2526(1) +2535(1) +2636(1) +3747(1) +2425(1) +3735(1) +9585(1) +3010(1) +3424(1) +8595(1) +3525(1) +8584(1) +2636(1) +1404(1) +4424{红方胜定。} +4745(1) +3736 +3525{以下升车占中，海底捞月胜。} +3010{平炮再升炮打车，消灭小卒，催毁黑方中路屏障，是红方获胜的精华。}(1) +1013(1) +9594(1) +1404(1) +4434(1) +4544(1) +1015(1) +1323(1) +9493(1) +4434(1) +3494(1) +2423{红方胜定。} +1525(1) +9383(1) +3696(1) +3532{以下海底捞月红胜。} +2575(1) +3484(1) +8595(1) +8494(1) +9585(1) +9695(1) +7576(1) +9454(1) +8595(1) +5455 